block,room,id,gender
23,301,201993360,Female
23,303,201866470,Female
23,303,201896991,Female
23,304,201725669,Female
23,305,202092433,Male
23,306,201687793,Male
23,306,201827969,Male
23,307,201869284,Male
23,308,202132866,Female
23,309,202028149,Male
23,310,202194245,Female
23,311,202090033,Female
23,311,202053091,Female
23,312,201977637,Male
23,312,201998650,Male
23,313,201581432,Female
23,313,201716900,Female
23,314,201756407,Female
23,314,201794075,Female
23,315,202073698,Female
23,315,202099067,Female
23,316,202172262,Male
23,316,202025785,Male
23,317,202093571,Female
23,319,201952086,Male
23,319,201781970,Male
23,320,201828309,Female
23,320,201835424,Female
23,321,202155114,Male
23,321,201733901,Male
23,322,201890542,Female
23,322,201810223,Female
23,323,201879920,Female
23,323,201899223,Female
23,324,202026701,Male
23,324,202064719,Male
23,325,201797932,Male
23,325,201745025,Male
23,326,201937815,Male
23,327,202162097,Female
23,327,201752512,Female
23,328,201830218,Female
23,401,201442674,Female
23,402,202165315,Male
23,403,201827759,Female
23,403,201726275,Female
23,404,201914671,Male
23,405,201989439,Female
23,405,201814845,Female
23,406,202019694,Female
23,406,202238615,Female
23,407,201862661,Male
23,407,201679221,Male
23,408,201620201,Male
23,408,201658994,Male
23,410,201823937,Female
23,410,201829328,Female
23,412,201874118,Male
23,412,202163550,Male
23,413,201927484,Female
23,413,201849589,Female
23,414,202151873,Female
23,415,201745334,Female
23,415,201743284,Female
23,416,202064398,Male
23,416,202013359,Male
23,417,201733576,Female
23,418,202087756,Female
23,418,202038896,Female
23,419,201975329,Male
23,419,201948393,Male
23,420,202069500,Female
23,420,202068116,Female
23,421,201868256,Female
23,422,202018464,Female
23,423,201977883,Male
23,424,201930976,Male
23,426,202079132,Female
23,426,202175993,Female
23,427,201712508,Male
23,427,201896786,Male
23,428,201930198,Female
23,501,201831741,Male
23,501,201793136,Male
23,502,202165320,Female
23,502,202095778,Female
23,503,201527686,Female
23,503,201450423,Female
23,504,201819482,Female
23,504,202149280,Female
23,505,201896164,Male
23,505,201815581,Male
23,506,202190319,Male
23,507,201565997,Male
23,507,201727738,Male
23,508,202150047,Female
23,509,201524148,Male
23,509,201765957,Male
23,510,201897586,Male
23,511,202237938,Female
23,512,202115739,Female
23,513,201772250,Male
23,513,201784117,Male
23,514,202026615,Female
23,514,202091387,Female
23,515,202294034,Female
23,516,201713941,Male
23,516,201778166,Male
23,518,201777345,Female
23,518,201642907,Female
23,519,201942705,Female
23,520,201757582,Male
23,520,202168557,Male
23,521,201841600,Female
23,521,201552345,Female
23,522,202263965,Female
23,522,202285749,Female
23,523,201925417,Female
23,524,202243815,Female
23,526,201724667,Male
23,526,201715932,Male
23,527,201836584,Female
23,527,202149162,Female
23,528,201837863,Male
23,528,201975990,Male
23,601,201963497,Male
23,602,201744318,Male
23,603,202195822,Male
23,603,202243661,Male
23,604,202272188,Male
23,604,201592779,Male
23,605,201942319,Male
23,605,201967799,Male
23,606,201973970,Female
23,606,202029021,Female
23,607,201839442,Male
23,607,201822108,Male
23,608,201714655,Female
23,608,202061484,Female
23,609,201866888,Female
23,609,201818993,Female
23,610,201672243,Female
23,610,201896607,Female
23,611,202060020,Male
23,611,201941183,Male
23,612,201833612,Female
23,612,201735299,Female
23,613,201725098,Female
23,613,201851278,Female
23,614,201833292,Female
23,614,201483879,Female
23,615,201751753,Female
23,615,201712543,Female
23,616,201718763,Male
23,616,201819846,Male
23,617,202265613,Male
23,617,201790371,Male
23,618,201710056,Female
23,618,201715818,Female
23,619,202095286,Female
23,620,201843829,Male
23,621,201874685,Male
23,621,201964020,Male
23,622,201561859,Male
23,622,201988331,Male
23,623,202111946,Male
23,623,202091871,Male
23,624,201747079,Female
23,625,201822036,Female
23,625,201841486,Female
23,626,201974581,Male
23,628,202112583,Male
23,628,202280490,Male
23,701,201753505,Male
23,701,201983470,Male
23,702,201417104,Female
23,702,201420187,Female
23,703,201674786,Female
23,703,201839250,Female
23,705,201714038,Male
23,705,201767810,Male
23,706,202060820,Female
23,706,201956439,Female
23,707,202248758,Female
23,708,202167668,Female
23,708,202143365,Female
23,709,202093272,Female
23,709,202156224,Female
23,710,201955237,Male
23,711,201837917,Female
23,711,201723255,Female
23,712,201697366,Male
23,712,201651193,Male
23,713,201898640,Male
23,713,201886633,Male
23,714,202048908,Female
23,715,201767485,Male
23,715,201915326,Male
23,716,201626130,Male
23,716,201659725,Male
23,717,201740085,Male
23,717,201811448,Male
23,718,201925519,Female
23,719,201880327,Male
23,719,201871545,Male
23,720,202160344,Female
23,721,202080645,Female
23,721,201671334,Female
23,722,202198192,Female
23,723,201742011,Female
23,724,202043382,Female
23,724,201727193,Female
23,725,202194730,Female
23,726,201353013,Female
23,726,201580595,Female
23,727,201864982,Female
23,728,201918933,Male
23,802,201781300,Female
23,802,201727675,Female
23,803,201652788,Female
23,803,201885947,Female
23,804,201952897,Female
23,804,201851074,Female
23,806,201999522,Female
23,806,201949750,Female
23,807,201827540,Male
23,808,202185995,Male
23,809,201830105,Female
23,809,201824656,Female
23,810,202048410,Female
23,811,202114765,Female
23,811,202257448,Female
23,812,201777954,Male
23,813,201724286,Female
23,813,201742972,Female
23,815,201526904,Male
23,815,201814486,Male
23,816,202283884,Female
23,817,201370504,Male
23,817,201722705,Male
23,818,201965899,Male
23,819,202077528,Male
23,819,201727872,Male
23,820,201933422,Female
23,820,201934764,Female
23,821,202128990,Female
23,822,201719202,Male
23,822,201823101,Male
23,823,202049577,Male
23,823,202130914,Male
23,824,201615024,Male
23,824,201684948,Female
23,825,201976456,Female
23,825,201980168,Female
23,826,201827689,Male
23,826,201858840,Male
23,827,202136086,Female
23,828,201945827,Male
23,901,201943283,Male
23,902,201865442,Female
23,902,201960881,Female
23,903,202188932,Male
23,904,202146786,Female
23,904,202071839,Female
23,905,202073585,Male
23,906,202042264,Female
23,906,202249608,Female
23,907,202170149,Female
23,908,202039434,Male
23,909,201894488,Female
23,909,201879751,Female
23,910,201859534,Male
23,910,201717045,Male
23,911,201893910,Female
23,911,201862717,Female
23,912,201718338,Female
23,912,201713844,Female
23,913,201886829,Female
23,913,201746387,Female
23,914,202023089,Male
23,914,202091393,Male
23,915,202165822,Female
23,917,202044472,Female
23,917,202083867,Female
23,918,201918263,Male
23,919,202085702,Female
23,920,201839766,Male
23,920,201866043,Female
23,922,201798825,Female
23,922,201942650,Female
23,923,201886883,Male
23,923,201827081,Male
23,924,201771192,Female
23,924,201773856,Female
23,926,201872452,Male
23,927,202156760,Female
23,927,201768571,Female
23,928,201795244,Male
23,928,201712976,Male
23,1001,201834653,Male
23,1001,201643187,Male
23,1002,201716823,Female
23,1002,201661611,Female
23,1003,201858818,Female
23,1003,201851364,Female
23,1004,202114018,Female
23,1005,201874683,Female
23,1006,201943574,Female
23,1007,202085777,Male
23,1007,202020426,Male
23,1008,201834486,Male
23,1008,201776992,Male
23,1009,202173811,Male
23,1009,202266529,Male
23,1010,201963603,Female
23,1010,201745506,Female
23,1011,201976068,Female
23,1011,201862777,Female
23,1012,201870092,Male
23,1013,202117343,Female
23,1014,201726386,Male
23,1014,201741177,Male
23,1016,202017044,Female
23,1016,202186840,Female
23,1017,201962476,Male
23,1017,201892886,Male
23,1018,201977986,Male
23,1019,201799495,Male
23,1019,201793377,Male
23,1020,202162619,Female
23,1022,202259834,Female
23,1022,201780377,Female
23,1023,201959354,Female
23,1024,201761769,Female
23,1024,201731142,Female
23,1025,201762203,Female
23,1025,201556031,Female
23,1026,201889989,Male
23,1026,201794021,Male
23,1027,201852415,Male
23,1027,201829085,Male
23,1101,202088683,Female
23,1102,202060739,Male
23,1102,202095234,Male
23,1103,202115699,Female
23,1104,202033527,Female
23,1106,201783480,Male
23,1106,201621567,Male
23,1108,201911932,Female
23,1109,202056504,Female
23,1110,202031974,Male
23,1110,202022143,Male
23,1111,202020101,Male
23,1111,202022205,Male
23,1112,201996643,Female
23,1113,201915247,Male
23,1114,202057851,Male
23,1115,202018187,Male
23,1115,202048825,Male
23,1116,202051479,Male
23,1116,202072900,Male
23,1117,201982137,Male
23,1118,201720994,Female
23,1118,201817374,Female
23,1119,201935421,Female
23,1120,201635414,Female
23,1120,201675292,Male
23,1121,201860184,Male
23,1121,201754514,Male
23,1122,201938443,Female
23,1122,201983251,Female
23,1123,202030757,Male
23,1123,201998403,Male
23,1124,202152308,Female
23,1124,202191519,Female
23,1125,201813062,Female
23,1125,201582298,Female
23,1126,201642076,Male
23,1126,201764991,Male
23,1127,201981426,Female
23,1128,202060288,Female
23,1128,202014057,Female
23,1201,201984806,Female
23,1202,201789435,Male
23,1202,202142452,Male
23,1203,201854382,Male
23,1203,201754174,Male
23,1204,202043593,Female
23,1204,202017191,Female
23,1205,201542569,Male
23,1205,201531304,Male
23,1206,202134419,Female
23,1207,202094098,Female
23,1208,201741316,Male
23,1208,202095714,Male
23,1209,201849355,Female
23,1209,201663054,Female
23,1210,202062542,Female
23,1210,201588847,Female
23,1211,201712626,Male
23,1211,201756513,Male
23,1212,201794354,Female
23,1212,201636726,Male
23,1213,201940787,Male
23,1213,201940417,Male
23,1214,202097538,Female
23,1215,201614641,Male
23,1215,201678898,Male
23,1216,201764202,Female
23,1216,201885572,Female
23,1217,201813689,Male
23,1217,201813295,Male
23,1218,202096922,Female
23,1219,202097922,Female
23,1219,202268054,Female
23,1220,202066707,Female
23,1221,201727459,Female
23,1221,201727859,Female
23,1223,201967139,Male
23,1224,201936770,Female
23,1224,201928814,Female
23,1225,201830445,Male
23,1225,201647054,Female
23,1226,202078204,Female
23,1226,202117981,Female
23,1227,201856092,Female
23,1228,201792318,Male
23,1228,201733801,Male
24,301,201738417,Male
24,302,201898952,Male
24,303,202038343,Female
24,304,201845708,Male
24,304,201828795,Male
24,305,202134644,Male
24,307,201726640,Male
24,307,201740372,Male
24,308,201864689,Male
24,308,201820562,Male
24,309,202080238,Female
24,309,202035651,Female
24,310,202126872,Female
24,311,201873083,Male
24,311,201948589,Male
24,312,201822660,Male
24,312,201872118,Male
24,313,202195488,Male
24,313,201516630,Male
24,314,201988293,Female
24,315,201724180,Female
24,315,201712383,Female
24,316,202028636,Male
24,316,201974850,Male
24,317,201956796,Female
24,317,201775036,Female
24,318,202033753,Female
24,318,201944045,Female
24,319,201989217,Female
24,320,201841107,Female
24,320,201956921,Female
24,321,201945287,Female
24,321,201931354,Female
24,322,201873846,Male
24,322,201817231,Male
24,323,202176023,Female
24,323,201664398,Female
24,324,201917188,Male
24,325,201891049,Female
24,325,201841444,Female
24,326,202181430,Female
24,326,202226472,Female
24,327,202130627,Female
24,328,201769941,Female
24,328,201796279,Female
24,401,201922005,Male
24,401,201896106,Male
24,402,201721775,Male
24,402,202088366,Male
24,404,201831152,Male
24,404,201812817,Male
24,405,201981361,Female
24,406,201488875,Female
24,406,201790961,Female
24,407,201834430,Male
24,407,201523161,Male
24,409,201946540,Female
24,409,201970990,Female
24,410,201826873,Female
24,410,201950495,Female
24,411,201820252,Female
24,411,201948423,Female
24,412,201770556,Female
24,413,202022645,Male
24,413,202049623,Male
24,414,201878517,Male
24,414,201892710,Male
24,415,201756613,Male
24,415,201716577,Male
24,416,201966761,Female
24,416,201829401,Female
24,417,201815321,Male
24,417,201764282,Male
24,418,201820032,Male
24,418,202065637,Male
24,419,202064353,Female
24,420,202299584,Male
24,420,202190633,Male
24,421,201892864,Male
24,421,201886293,Male
24,422,202132625,Female
24,423,201760437,Female
24,423,201830821,Female
24,424,202173281,Female
24,424,202074996,Female
24,425,201634755,Female
24,425,201779739,Female
24,427,201959604,Female
24,427,202050369,Female
24,428,201754123,Male
24,428,201743143,Male
24,501,201868460,Male
24,501,201675926,Male
24,502,201798176,Male
24,502,201710832,Male
24,503,202160256,Male
24,504,201777822,Male
24,504,201825398,Male
24,505,201947840,Male
24,506,202146119,Female
24,506,202167022,Female
24,507,201793234,Female
24,507,201739238,Female
24,508,201720507,Female
24,508,202050958,Female
24,509,201965974,Male
24,510,202154398,Female
24,510,201755046,Female
24,511,201897353,Male
24,511,201875048,Male
24,512,202020404,Female
24,512,202044030,Female
24,513,202196909,Female
24,513,201966904,Female
24,514,202136447,Male
24,515,201940958,Male
24,516,202023780,Female
24,517,202027535,Female
24,517,201652605,Female
24,518,201931543,Female
24,518,202083276,Female
24,519,201732388,Female
24,519,202072250,Female
24,520,202155672,Male
24,520,201643219,Male
24,522,202040335,Male
24,523,201997611,Female
24,525,201990223,Female
24,525,202013610,Female
24,526,201768635,Female
24,526,202086058,Female
24,528,201914657,Male
24,601,202154778,Female
24,602,201928965,Female
24,602,201925899,Female
24,603,201941133,Female
24,604,201863153,Male
24,604,201790577,Male
24,605,202020835,Female
24,605,202080855,Female
24,606,201812416,Male
24,607,201882124,Female
24,607,201784674,Female
24,608,202140133,Female
24,609,202050733,Female
24,609,202085765,Female
24,610,202180496,Male
24,610,202210751,Male
24,612,201585473,Male
24,613,202098645,Female
24,613,201515451,Female
24,614,201944445,Male
24,615,201937739,Female
24,615,202010619,Female
24,616,201838405,Male
24,616,201872871,Male
24,618,201858630,Female
24,618,201770196,Female
24,619,201626230,Female
24,619,201768876,Female
24,620,202034333,Female
24,621,201855945,Male
24,621,201752780,Male
24,623,201840446,Male
24,624,202036943,Female
24,625,201822446,Female
24,626,202056876,Female
24,627,201837781,Male
24,627,202171585,Male
24,628,202013458,Female
24,628,202163573,Female
24,701,202083510,Female
24,701,202187522,Female
24,702,201939268,Male
24,702,202058583,Male
24,703,202026849,Male
24,703,202081255,Male
24,704,202044046,Female
24,705,201832205,Male
24,706,201841180,Female
24,706,201860621,Female
24,707,202029874,Male
24,708,201879281,Male
24,708,201820860,Male
24,709,202015814,Female
24,709,201896651,Female
24,710,201621455,Male
24,711,201588301,Male
24,711,201683585,Male
24,712,202077208,Female
24,713,201521119,Male
24,713,201625728,Male
24,714,201862922,Male
24,714,201716222,Male
24,715,201976199,Male
24,716,202036245,Female
24,717,201793789,Male
24,717,201723344,Male
24,718,201748663,Female
24,719,201868095,Male
24,720,201879867,Female
24,720,201883112,Female
24,721,201870145,Male
24,721,201869502,Male
24,722,201856859,Male
24,723,201775034,Female
24,723,201897149,Female
24,725,202050426,Female
24,726,201948694,Male
24,727,201774617,Female
24,727,201732768,Female
24,728,201899232,Female
24,728,201999829,Female
24,802,201846522,Male
24,802,201792552,Male
24,803,201830958,Male
24,804,202181193,Female
24,805,201671909,Female
24,806,202033317,Female
24,806,202071893,Female
24,807,202079515,Female
24,807,202083672,Female
24,808,202075844,Female
24,808,201818325,Female
24,809,201860493,Female
24,809,201877467,Female
24,810,201845504,Male
24,811,201570223,Male
24,811,201586854,Male
24,812,201953717,Female
24,813,202077819,Female
24,814,202053720,Female
24,814,201999693,Female
24,815,201978489,Male
24,816,201866390,Female
24,816,201810001,Female
24,817,201848532,Male
24,817,201559978,Male
24,819,202058809,Female
24,819,202025273,Female
24,820,201664439,Female
24,820,201572315,Female
24,821,201885501,Male
24,821,201834669,Male
24,822,201859570,Male
24,822,201816704,Male
24,823,202043550,Female
24,824,201925416,Male
24,824,201947224,Male
24,825,201952220,Female
24,826,202141827,Male
24,827,202028187,Male
24,827,202072685,Male
24,828,201782785,Female
24,828,202036243,Female
24,901,201876125,Female
24,901,201866407,Female
24,902,202091600,Male
24,902,201930208,Male
24,903,201965952,Male
24,903,201862012,Male
24,904,201779954,Female
24,904,201768579,Female
24,905,202095360,Female
24,906,201897984,Female
24,906,201735465,Female
24,907,202050522,Female
24,907,202078420,Female
24,908,202016027,Female
24,908,202049487,Female
24,909,202082914,Female
24,909,202097468,Female
24,910,202062839,Female
24,910,201715057,Female
24,911,201911337,Female
24,911,201854549,Female
24,912,201986539,Female
24,913,202025681,Female
24,915,202034642,Female
24,915,202063333,Female
24,916,201630453,Male
24,916,201740464,Male
24,917,201879145,Male
24,917,202040982,Male
24,918,202041464,Male
24,918,202085622,Male
24,919,201744708,Male
24,919,201774364,Male
24,920,201767476,Female
24,920,201897797,Female
24,921,201937676,Female
24,922,201883915,Male
24,922,201815963,Male
24,923,201782449,Female
24,923,201714372,Female
24,924,201981606,Male
24,924,201876484,Male
24,925,201864933,Female
24,925,201846468,Female
24,926,201787710,Male
24,926,201758735,Male
24,927,201667155,Female
24,927,201671761,Female
24,928,202132657,Female
24,928,202011867,Female
24,1001,202099288,Female
24,1002,202048553,Male
24,1003,201855366,Female
24,1003,201977212,Female
24,1004,201580163,Female
24,1004,201580716,Female
24,1005,201919031,Male
24,1005,202067955,Male
24,1007,201573967,Female
24,1008,202060777,Male
24,1008,202055612,Male
24,1009,202096410,Female
24,1009,202087703,Female
24,1010,202028285,Female
24,1010,201429576,Female
24,1011,202110736,Male
24,1011,202097326,Male
24,1012,202177750,Female
24,1012,202172751,Female
24,1013,202038814,Female
24,1014,201765795,Male
24,1014,201836069,Male
24,1015,201835546,Male
24,1015,202056104,Male
24,1016,201788321,Male
24,1016,201773531,Male
24,1017,201876190,Male
24,1017,201986453,Male
24,1018,202060999,Male
24,1019,202074869,Male
24,1020,201680279,Female
24,1020,202075901,Female
24,1021,201825560,Female
24,1023,201894964,Female
24,1023,201826946,Female
24,1024,202219521,Female
24,1025,201899327,Female
24,1025,201837196,Female
24,1026,202191473,Male
24,1026,201930357,Male
24,1027,202072560,Female
24,1028,202223111,Female
24,1028,201851580,Female
24,1101,201729387,Female
24,1101,201852953,Female
24,1102,202061273,Female
24,1102,202078586,Female
24,1103,202098271,Male
24,1104,202041247,Female
24,1104,201848898,Female
24,1105,202030026,Male
24,1106,202140599,Female
24,1107,201855469,Male
24,1107,201991949,Male
24,1108,201891371,Male
24,1108,201690138,Female
24,1109,201523832,Female
24,1109,201518833,Female
24,1110,201966140,Female
24,1111,201877949,Male
24,1111,201847109,Male
24,1112,201810060,Male
24,1112,201577015,Male
24,1113,201793494,Male
24,1113,201855885,Male
24,1114,201992730,Female
24,1114,202043346,Female
24,1115,201957537,Female
24,1115,202118440,Female
24,1116,202136335,Female
24,1117,201824014,Male
24,1117,201884260,Male
24,1118,201899266,Male
24,1118,201845884,Male
24,1119,201877196,Female
24,1119,201876271,Female
24,1120,201824095,Female
24,1120,202172657,Female
24,1121,201669237,Male
24,1121,202036168,Male
24,1122,201747006,Female
24,1122,201750347,Female
24,1123,201924667,Male
24,1123,201878678,Male
24,1124,201628113,Female
24,1125,202084179,Female
24,1127,202137831,Female
24,1127,202235648,Female
24,1128,201965564,Female
24,1128,201791068,Female
24,1201,201881410,Male
24,1202,201820440,Female
24,1202,201654094,Female
24,1203,202013573,Female
24,1204,201913410,Male
24,1206,201825958,Male
24,1206,201961685,Male
24,1207,201785402,Male
24,1207,201847979,Male
24,1208,201775779,Male
24,1208,201633164,Male
24,1209,201930987,Male
24,1210,202199706,Male
24,1210,202031653,Male
24,1211,201957638,Female
24,1213,202212395,Male
24,1213,201673130,Male
24,1214,202136608,Female
24,1215,201490754,Male
24,1215,202292477,Male
24,1216,201854964,Male
24,1216,201851069,Male
24,1217,202114894,Male
24,1218,202168008,Male
24,1218,202090477,Male
24,1219,202250787,Male
24,1219,202133123,Male
24,1220,202039014,Male
24,1221,202160692,Female
24,1221,201834275,Female
24,1222,201759983,Female
24,1223,201847548,Female
24,1224,201924186,Female
24,1225,202013298,Female
24,1226,201844812,Male
24,1227,201966255,Female
24,1228,202183777,Female
25,201,201940321,Male
25,202,201884834,Female
25,203,202058285,Male
25,203,202043538,Male
25,204,201783604,Male
25,204,201830498,Male
25,205,202174861,Female
25,205,202070474,Female
25,206,201934653,Male
25,207,202053495,Female
25,207,201834366,Female
25,208,201851446,Male
25,208,201587959,Male
25,209,201741035,Female
25,210,202049943,Male
25,211,201791546,Female
25,211,201799701,Female
25,212,201826999,Female
25,212,201866128,Female
25,213,201782355,Male
25,213,201841472,Male
25,214,201923567,Male
25,214,201917269,Male
25,215,201929099,Female
25,215,201734281,Female
25,216,201889723,Female
25,217,201534502,Male
25,217,201783298,Male
25,218,201635055,Female
25,219,201856125,Female
25,219,201981767,Female
25,220,202065723,Male
25,220,202041041,Male
25,221,202076649,Male
25,222,201951257,Male
25,222,201830132,Male
25,223,201818491,Female
25,223,202061121,Female
25,224,201877946,Female
25,224,201877758,Female
25,225,201820229,Female
25,225,201854856,Female
25,226,201814171,Female
25,226,201894598,Female
25,227,201832605,Female
25,227,201816281,Female
25,228,202264118,Male
25,228,201859011,Male
25,301,201788772,Female
25,301,201729331,Female
25,302,201726430,Female
25,302,201758161,Female
25,303,201946171,Female
25,303,600002100,Female
25,304,202050695,Female
25,304,201885968,Female
25,306,201782929,Female
25,306,202177759,Female
25,307,202131930,Female
25,308,201849216,Female
25,308,201823321,Female
25,309,201945028,Female
25,309,202020003,Female
25,310,202268115,Female
25,310,202134670,Female
25,311,201889008,Female
25,311,201829803,Female
25,312,201850218,Female
25,312,201817568,Female
25,313,202062183,Female
25,314,202117637,Male
25,314,202285652,Male
25,315,201732726,Female
25,315,201715699,Female
25,316,202051176,Female
25,316,201941020,Female
25,317,201790181,Female
25,317,201783038,Female
25,318,202171402,Female
25,319,201711358,Female
25,319,201691152,Female
25,320,201937704,Female
25,320,202188177,Female
25,321,202163830,Male
25,322,201551228,Female
25,322,202056514,Female
25,323,201778616,Female
25,323,201889570,Female
25,324,201719503,Male
25,324,201731835,Male
25,325,201629667,Female
25,326,201859026,Female
25,326,201815647,Female
25,327,201741164,Male
25,327,201790760,Male
25,328,201718037,Male
25,328,201712480,Male
25,401,201722494,Male
25,401,201777868,Male
25,402,201956643,Male
25,402,201912590,Male
25,403,202128274,Male
25,403,202182777,Male
25,404,201997046,Female
25,405,201888906,Female
25,406,201836886,Female
25,406,201898094,Female
25,407,201828024,Female
25,407,201962793,Female
25,408,201748727,Male
25,408,201659129,Male
25,409,201758201,Female
25,409,201734686,Female
25,410,201968361,Male
25,411,202191584,Female
25,411,202134311,Female
25,412,201583359,Female
25,413,202152978,Male
25,414,201735113,Male
25,414,201994136,Male
25,415,201870570,Female
25,415,201630758,Female
25,416,201833236,Male
25,416,201842325,Male
25,417,201854056,Female
25,417,201862278,Female
25,418,202066613,Male
25,418,202096049,Male
25,419,201775647,Female
25,419,201720655,Female
25,420,202049032,Female
25,420,202180764,Female
25,421,202197677,Male
25,422,201855588,Female
25,422,201930645,Female
25,423,201696427,Female
25,424,201730496,Male
25,425,201611681,Female
25,425,201772616,Female
25,427,202049203,Male
25,428,201741849,Male
25,428,201747148,Male
25,501,201869563,Male
25,501,201644667,Male
25,502,202031896,Female
25,503,201573744,Female
25,503,201595340,Female
25,505,201845435,Female
25,505,201773999,Female
25,506,202041731,Female
25,508,201784039,Female
25,508,201656384,Female
25,509,201751222,Male
25,509,201720324,Male
25,510,201758283,Male
25,510,202056784,Male
25,511,202065300,Male
25,511,201547897,Male
25,512,201742147,Female
25,512,202048227,Female
25,513,201852530,Female
25,514,201834834,Male
25,514,201731331,Male
25,515,201710025,Male
25,515,201748433,Male
25,516,202195086,Female
25,516,202074444,Female
25,517,201565816,Female
25,517,201870061,Female
25,518,202048569,Female
25,519,201821155,Female
25,519,201896728,Female
25,520,201458031,Male
25,520,201364912,Female
25,522,201320415,Male
25,523,201963826,Male
25,523,202088814,Male
25,524,201660142,Female
25,524,202012029,Female
25,525,202018069,Male
25,525,201947640,Male
25,526,202120749,Male
25,527,202112830,Female
25,527,202099428,Female
25,528,201986957,Male
25,601,201491962,Male
25,601,201847560,Male
25,602,201888811,Female
25,603,202183520,Male
25,604,201841526,Female
25,605,201832376,Male
25,605,202097905,Male
25,606,202054544,Male
25,606,202038018,Male
25,607,201543746,Male
25,608,201992931,Female
25,608,201969876,Female
25,609,201629590,Male
25,609,201479427,Male
25,610,202181852,Female
25,611,201951789,Male
25,611,202287414,Male
25,612,201836761,Male
25,612,202145541,Male
25,613,201955558,Female
25,613,201896733,Female
25,614,202015852,Male
25,615,201788418,Male
25,615,201758909,Male
25,616,202096322,Male
25,616,202026494,Male
25,617,201936653,Female
25,618,201724893,Male
25,618,201724463,Male
25,619,201958266,Male
25,620,201781024,Female
25,621,201932129,Female
25,621,201993585,Female
25,622,201842543,Male
25,624,202150196,Female
25,624,202013900,Female
25,625,202040222,Male
25,626,202086778,Female
25,627,201892124,Male
25,627,201597192,Male
25,628,201819863,Female
25,628,201885647,Female
25,701,202057108,Female
25,701,202021739,Female
25,702,201985007,Female
25,702,201846678,Female
25,703,201443944,Female
25,703,201320098,Female
25,704,201882984,Male
25,704,201990337,Male
25,705,202199482,Male
25,706,201898240,Female
25,706,201844318,Female
25,707,201878519,Female
25,707,201851493,Female
25,708,201738309,Female
25,708,201634750,Female
25,709,201865950,Female
25,710,201972929,Male
25,710,201948184,Male
25,711,201918914,Female
25,711,201947145,Female
25,712,201993150,Male
25,712,201964579,Male
25,713,201943141,Male
25,713,201953655,Male
25,714,201850020,Male
25,714,202025010,Male
25,715,201733993,Male
25,715,201789557,Male
25,716,201871886,Female
25,717,201934175,Female
25,718,201866571,Female
25,719,201927846,Male
25,719,201937262,Male
25,720,202059098,Male
25,721,201835457,Female
25,721,202099553,Female
25,722,202130980,Male
25,723,201975779,Female
25,724,201870236,Female
25,724,201790218,Female
25,725,202121571,Male
25,725,202174760,Male
25,726,202058372,Female
25,727,201911018,Female
25,727,201919738,Female
25,801,201812512,Female
25,801,201743477,Female
25,802,201872496,Female
25,802,201890008,Female
25,803,201848211,Female
25,804,201988023,Female
25,804,201919776,Female
25,805,202142986,Male
25,805,202089071,Male
25,806,202025898,Female
25,806,201962845,Female
25,807,202076338,Male
25,808,201986942,Female
25,809,201713742,Male
25,810,201852376,Female
25,810,201853156,Female
25,811,201651321,Female
25,811,201793901,Female
25,812,201790624,Female
25,812,201444910,Female
25,813,201722717,Female
25,813,201713717,Female
25,814,201996700,Female
25,815,201725232,Male
25,815,201724270,Male
25,816,201955629,Female
25,817,201827704,Female
25,817,201588357,Female
25,818,201833693,Male
25,818,201721001,Male
25,819,201827907,Female
25,819,201818475,Female
25,820,201953788,Female
25,820,202060753,Female
25,821,201958405,Female
25,822,201876142,Male
25,823,201941973,Female
25,825,202175702,Female
25,826,201979877,Female
25,826,201829106,Female
25,827,202150565,Male
25,827,201869748,Male
25,828,202070795,Female
25,901,201741691,Female
25,902,201610882,Female
25,902,201622684,Female
25,903,202121755,Male
25,904,201575716,Female
25,905,201987993,Female
25,905,201973868,Female
25,906,201554376,Female
25,906,201525075,Female
25,907,201572285,Female
25,907,201672788,Female
25,908,201768243,Male
25,908,202025968,Male
25,909,202056178,Female
25,909,201819664,Female
25,912,201892239,Female
25,912,202025679,Female
25,913,201979054,Male
25,914,202156940,Male
25,915,201735115,Male
25,915,201880485,Male
25,916,201519449,Female
25,916,201560136,Female
25,917,202149134,Male
25,918,201520167,Male
25,918,201656729,Male
25,919,201915079,Male
25,920,202157836,Male
25,921,201675830,Male
25,921,201833491,Male
25,922,201610429,Female
25,922,201513853,Female
25,923,201597656,Male
25,923,201818961,Male
25,924,202215490,Female
25,924,201933504,Female
25,925,202047804,Male
25,926,201911882,Female
25,927,201927538,Female
25,1001,201770513,Female
25,1002,202078886,Male
25,1003,201723146,Female
25,1003,201777083,Female
25,1004,201846704,Male
25,1005,201584993,Male
25,1005,201573526,Male
25,1007,201963521,Female
25,1008,202034878,Female
25,1008,202090466,Female
25,1009,202012428,Female
25,1009,202227107,Female
25,1010,202088287,Female
25,1010,201956884,Female
25,1011,201958064,Male
25,1012,201610191,Male
25,1014,201920692,Female
25,1014,201996930,Female
25,1015,201858945,Male
25,1016,201782698,Male
25,1016,201750827,Male
25,1017,201919537,Male
25,1017,202029905,Male
25,1019,201717063,Female
25,1019,201949525,Female
25,1020,201838916,Male
25,1021,201839538,Male
25,1021,201751732,Male
25,1022,201991679,Male
25,1023,201998903,Male
25,1023,201996966,Male
25,1025,201738377,Male
25,1025,201757837,Male
25,1026,202118210,Female
25,1026,202059642,Female
25,1027,201835785,Female
25,1027,202148144,Female
25,1028,202160561,Male
25,1028,201995474,Male
25,1101,201918066,Female
25,1101,201958823,Female
25,1102,202056403,Male
25,1103,202290934,Male
25,1104,201992178,Female
25,1104,201877179,Female
25,1105,201965308,Male
25,1106,201951303,Male
25,1106,201911345,Male
25,1107,201971657,Male
25,1107,201975819,Male
25,1108,202289785,Male
25,1109,201927859,Male
25,1109,202025154,Male
25,1110,201925719,Female
25,1110,201889707,Female
25,1111,202147418,Female
25,1111,201943547,Female
25,1112,201971332,Female
25,1112,201980017,Female
25,1113,201812142,Female
25,1113,201729769,Female
25,1114,202023093,Male
25,1115,201793380,Female
25,1115,201734915,Female
25,1116,201719801,Male
25,1117,201751744,Female
25,1117,201791964,Female
25,1118,202028102,Male
25,1119,201635716,Male
25,1119,202014429,Male
25,1120,201553647,Male
25,1120,201790971,Male
25,1121,201752594,Male
25,1122,201971011,Male
25,1122,201840674,Male
25,1123,201842715,Male
25,1123,202095375,Male
25,1124,202066810,Male
25,1124,202042211,Male
25,1125,201829922,Female
25,1125,202079659,Female
25,1126,201935530,Male
25,1126,201968348,Male
25,1127,201856597,Male
25,1128,201632838,Male
25,1201,201960482,Male
25,1201,201958568,Male
25,1202,201670852,Male
25,1202,202111184,Male
25,1203,202064300,Male
25,1204,201578351,Male
25,1204,202035155,Male
25,1205,201745174,Male
25,1205,201741171,Male
25,1206,201897245,Male
25,1207,201883655,Female
25,1207,201815040,Female
25,1208,202060768,Male
25,1208,201940972,Male
25,1209,201991758,Male
25,1210,201767791,Male
25,1210,201711513,Male
25,1211,201757638,Male
25,1211,201749130,Male
25,1212,201868023,Male
25,1212,201895140,Male
25,1213,201786757,Male
25,1213,201071184,Male
25,1214,201750785,Male
25,1214,201797896,Male
25,1215,202128401,Male
25,1215,201724441,Male
25,1216,201920716,Male
25,1217,201882369,Male
25,1217,201813598,Male
25,1218,202026840,Female
25,1218,202056637,Female
25,1219,201911240,Male
25,1219,201995842,Male
25,1220,100007171,Female
25,1221,201878663,Male
25,1221,201877564,Male
25,1222,201882988,Female
25,1222,201854634,Female
25,1223,201714908,Male
25,1223,201720711,Male
25,1224,202037983,Male
25,1224,202297431,Male
25,1225,202029117,Male
25,1225,202043840,Male
25,1226,201880915,Female
25,1227,201828999,Female
25,1227,201828192,Female
25,1228,201797415,Male
25,1228,201734085,Male
26,201,201732562,Female
26,201,201722543,Female
26,202,202060551,Female
26,203,202074377,Male
26,204,201617226,Female
26,205,202016548,Female
26,205,202018390,Female
26,206,201827477,Male
26,206,201853283,Male
26,207,202138443,Male
26,207,202131431,Male
26,208,201892509,Female
26,209,201918959,Female
26,209,201865398,Female
26,210,201834057,Male
26,210,201825700,Male
26,211,201876052,Female
26,211,201886902,Female
26,212,202014676,Female
26,212,202261157,Female
26,213,201896794,Female
26,213,201882643,Female
26,214,201890948,Female
26,214,201879916,Female
26,215,201971662,Female
26,216,202074242,Male
26,216,202034104,Male
26,218,202037688,Male
26,218,202164564,Male
26,219,202098761,Male
26,220,201563214,Female
26,220,201516260,Female
26,221,201795046,Female
26,221,201747493,Female
26,222,201915171,Male
26,223,201848097,Female
26,223,201860883,Female
26,224,201894900,Female
26,225,201997486,Male
26,226,201931714,Female
26,227,202015340,Male
26,227,202068813,Male
26,228,202053447,Male
26,301,201681383,Female
26,302,201799300,Female
26,302,201716595,Female
26,303,201525419,Female
26,304,201810296,Female
26,304,201811919,Female
26,305,201884485,Male
26,305,201816128,Male
26,306,201795891,Female
26,307,202191569,Female
26,308,201760725,Female
26,308,201765821,Female
26,310,202094168,Male
26,310,202082869,Male
26,311,202051800,Male
26,311,201969536,Male
26,312,201927380,Female
26,312,201794965,Female
26,313,201863429,Female
26,313,201864552,Female
26,314,201733085,Female
26,314,201820101,Female
26,315,202180537,Male
26,315,201973288,Male
26,316,202071772,Female
26,317,201747150,Male
26,317,201917526,Male
26,318,202024233,Male
26,318,202086718,Male
26,319,201733582,Male
26,320,201589495,Female
26,320,201717311,Female
26,321,201940466,Female
26,321,202152752,Female
26,322,202295139,Male
26,322,202110134,Male
26,323,201873360,Female
26,324,201742900,Male
26,324,202171794,Male
26,325,201593084,Male
26,325,201677147,Male
26,326,201769400,Male
26,326,201730192,Male
26,327,201951718,Female
26,327,201758450,Female
26,328,201742851,Female
26,328,201514721,Female
26,401,201945637,Male
26,402,201941216,Female
26,402,201972395,Female
26,403,201918213,Male
26,404,201980531,Female
26,404,202068885,Female
26,405,202017687,Male
26,405,202020700,Male
26,406,202051123,Male
26,406,202156792,Male
26,407,201773317,Female
26,407,201792976,Female
26,408,201727895,Female
26,408,201731929,Female
26,409,201778865,Female
26,409,202120291,Female
26,410,201779039,Male
26,410,202024576,Male
26,411,201519571,Male
26,412,201798121,Female
26,413,201693276,Female
26,413,202011786,Female
26,415,202132030,Male
26,415,202097447,Male
26,416,201879414,Female
26,416,201878788,Female
26,417,202177675,Male
26,418,202093434,Male
26,418,202064034,Male
26,419,202074368,Female
26,420,201492096,Male
26,420,201362023,Male
26,421,202014785,Female
26,421,202047260,Female
26,422,201959384,Female
26,422,201959593,Female
26,424,202128368,Male
26,425,201622808,Male
26,425,201710925,Male
26,426,202193454,Female
26,426,202086428,Female
26,427,600002097,Male
26,428,202041384,Male
26,501,201990549,Female
26,502,201893247,Female
26,503,201727510,Female
26,503,201638408,Female
26,504,201770492,Male
26,504,202032045,Male
26,505,202131786,Female
26,505,202025936,Female
26,506,201795412,Male
26,506,201758733,Male
26,507,202027887,Male
26,507,201960901,Male
26,508,202023760,Male
26,509,201656180,Male
26,510,201898707,Female
26,511,202066578,Male
26,512,202069717,Male
26,512,202096166,Male
26,513,202081978,Female
26,514,201763587,Female
26,514,201568533,Female
26,515,201720403,Female
26,515,201728770,Female
26,516,202196951,Female
26,516,201555188,Female
26,517,201749559,Male
26,518,201723805,Female
26,518,202124689,Female
26,519,201833301,Male
26,519,201844273,Male
26,520,201973418,Female
26,521,202070838,Male
26,522,202117572,Male
26,522,202162805,Male
26,523,201634406,Female
26,523,201517253,Female
26,524,202028798,Male
26,524,202047624,Male
26,525,201755963,Male
26,526,202188293,Female
26,526,202182896,Female
26,527,202097534,Female
26,527,202098961,Female
26,528,202071499,Male
26,601,201883734,Female
26,601,202033091,Female
26,603,201789293,Female
26,603,201871737,Female
26,604,202092181,Male
26,605,201992147,Female
26,606,202031282,Male
26,607,201754399,Male
26,608,202125613,Male
26,608,202182442,Male
26,609,201797442,Male
26,609,201838396,Male
26,610,202092513,Male
26,610,202090572,Male
26,611,202099964,Male
26,611,202131353,Male
26,612,202075824,Male
26,613,201770357,Male
26,614,202148993,Female
26,614,202128257,Female
26,615,201830906,Female
26,615,201815883,Female
26,616,201724486,Male
26,616,201785840,Male
26,617,201872490,Male
26,618,201796056,Male
26,619,202027973,Male
26,619,202065868,Male
26,620,201992573,Male
26,622,201751418,Male
26,623,201854547,Female
26,623,201949606,Female
26,624,201779461,Male
26,624,201793727,Male
26,625,201750268,Male
26,625,201999961,Male
26,627,201758465,Male
26,627,201798971,Male
26,628,202124257,Male
26,701,202026113,Female
26,701,202015389,Female
26,702,201554103,Female
26,703,201875414,Male
26,703,201878895,Male
26,704,201814199,Male
26,704,201975577,Male
26,705,202054093,Male
26,705,202123237,Male
26,706,201983689,Male
26,707,201846990,Female
26,708,201738059,Male
26,708,202093299,Male
26,709,201667417,Male
26,709,201653626,Male
26,710,202066052,Female
26,710,202069064,Female
26,711,201795939,Male
26,711,201796031,Male
26,712,201875319,Male
26,712,202067195,Male
26,713,202148965,Female
26,713,201942236,Female
26,714,202227708,Male
26,714,202219655,Male
26,715,201756910,Female
26,715,201728832,Female
26,716,201990119,Female
26,716,201928202,Female
26,717,201586970,Female
26,718,201956555,Male
26,718,201924564,Male
26,719,202152253,Male
26,719,202177676,Male
26,720,201911990,Male
26,721,201787625,Male
26,722,202152638,Male
26,723,201747763,Female
26,724,201945606,Female
26,724,202083322,Female
26,725,201746759,Female
26,725,201818011,Female
26,726,201653101,Female
26,726,202087566,Female
26,727,202157523,Male
26,727,202062486,Male
26,728,201917049,Male
26,728,201859079,Male
26,801,201848636,Male
26,802,201911653,Female
26,802,201830365,Female
26,803,201893749,Male
26,803,201878330,Male
26,804,202297443,Female
26,804,202237205,Female
26,805,201972530,Male
26,805,201616975,Male
26,806,201983342,Male
26,806,201972150,Male
26,807,201946833,Male
26,807,201820893,Male
26,808,201556892,Male
26,809,202115365,Male
26,809,202133477,Male
26,810,201828867,Male
26,810,201763421,Male
26,811,202115696,Male
26,811,202193813,Male
26,812,202246449,Male
26,813,202117544,Female
26,814,201952921,Male
26,814,201917695,Male
26,815,201875377,Female
26,815,201892666,Female
26,816,201810076,Female
26,816,201873833,Female
26,817,201896683,Female
26,818,201880053,Male
26,819,201861062,Male
26,819,201878008,Male
26,820,202058264,Male
26,820,202177432,Male
26,821,202118029,Female
26,821,202214393,Female
26,822,201790808,Female
26,823,201819346,Female
26,823,201889882,Female
26,824,202273017,Male
26,824,202135094,Male
26,825,201666936,Female
26,825,201677640,Female
26,826,201749901,Male
26,826,201715429,Male
26,827,202095320,Male
26,828,201867572,Male
26,828,201796629,Male
26,901,202160673,Male
26,902,202071915,Male
26,902,202032915,Male
26,903,202140698,Male
26,903,202063091,Male
26,904,201753089,Male
26,905,202059100,Male
26,906,202046318,Male
26,906,202135619,Male
26,907,202224865,Male
26,908,202178249,Female
26,909,202020408,Male
26,909,201789397,Male
26,910,202039392,Female
26,910,201966516,Female
26,911,201864206,Female
26,911,202035556,Female
26,912,201985033,Female
26,912,201816615,Female
26,913,202241827,Male
26,914,201912863,Female
26,915,201568198,Male
26,915,201762030,Male
26,916,201820743,Female
26,916,201862095,Female
26,917,202095775,Female
26,917,201784256,Female
26,918,202299642,Male
26,919,202087368,Male
26,919,202157608,Male
26,920,202146752,Female
26,920,201582930,Female
26,921,202189756,Female
26,921,201591127,Male
26,922,202061765,Male
26,923,201883546,Female
26,923,201711416,Female
26,924,202024099,Male
26,924,201510986,Male
26,925,201932618,Female
26,926,201974471,Male
26,926,202136781,Male
26,927,100002721,Female
26,928,202083382,Male
26,1001,201840016,Female
26,1001,201728827,Female
26,1002,202039697,Male
26,1002,202113683,Male
26,1004,202076421,Male
26,1004,201719094,Male
26,1005,201879400,Male
26,1006,202225832,Male
26,1006,202283223,Male
26,1007,201599488,Female
26,1007,201864154,Female
26,1008,202063511,Female
26,1008,202024740,Female
26,1009,202122107,Female
26,1010,201513855,Female
26,1010,201590191,Female
26,1011,202218920,Female
26,1012,202274445,Male
26,1012,202183830,Male
26,1013,201714732,Male
26,1014,201934129,Female
26,1014,201981867,Female
26,1015,201594086,Male
26,1015,201655736,Male
26,1016,202071706,Male
26,1016,202142152,Male
26,1017,201823624,Female
26,1018,202060993,Female
26,1019,202113352,Male
26,1019,202121963,Male
26,1020,201599235,Male
26,1020,201782815,Male
26,1021,201793753,Female
26,1021,202262158,Female
26,1022,202047772,Female
26,1022,201813078,Female
26,1023,202256694,Female
26,1023,202014827,Female
26,1024,201759235,Female
26,1024,201799987,Female
26,1025,202032854,Female
26,1026,202128113,Female
26,1027,202243444,Female
26,1028,202189468,Male
26,1028,202291703,Male
26,1101,202036720,Male
26,1102,201780651,Female
26,1102,201984882,Female
26,1103,202236344,Male
26,1103,202281977,Male
26,1104,202212340,Male
26,1106,202194811,Male
26,1106,201545262,Male
26,1108,202096916,Female
26,1108,201737565,Female
26,1109,202058984,Female
26,1109,202086940,Female
26,1110,201540518,Male
26,1110,201549570,Male
26,1111,202071290,Male
26,1111,202038812,Male
26,1112,201966427,Female
26,1113,201857925,Male
26,1114,202016628,Male
26,1114,201629287,Male
26,1115,201810224,Male
26,1117,202133321,Female
26,1117,201783904,Female
26,1118,202086201,Female
26,1118,202178594,Female
26,1119,201637414,Female
26,1119,600002099,Female
26,1120,202078875,Female
26,1120,202069441,Female
26,1121,202148424,Female
26,1122,201779488,Female
26,1122,201774633,Female
26,1123,201552177,Male
26,1123,201530336,Male
26,1124,201881601,Female
26,1125,201938558,Male
26,1126,201761232,Male
26,1126,201766350,Male
26,1127,201570797,Male
26,1127,202092620,Male
26,1128,202064062,Male
26,1128,202030264,Male
26,1201,202284934,Female
26,1203,202145085,Male
26,1203,202174903,Male
26,1204,202215986,Male
26,1204,201682143,Male
26,1205,202074098,Male
26,1205,201562542,Male
26,1206,201792595,Female
26,1206,201754867,Female
26,1207,202042038,Male
26,1207,201810248,Male
26,1208,201776030,Female
26,1208,201792632,Female
26,1209,202064610,Female
26,1210,201678870,Male
26,1211,201726550,Female
26,1211,201787462,Female
26,1212,201646711,Male
26,1212,201340629,Male
26,1213,202069032,Female
26,1214,202028703,Female
26,1214,202124337,Female
26,1215,201855306,Female
26,1215,201849424,Female
26,1217,201969296,Male
26,1217,201469378,Male
26,1218,202188696,Female
26,1218,202122205,Female
26,1219,201852626,Female
26,1219,201669601,Female
26,1220,202116270,Male
26,1221,202286534,Female
26,1222,201837813,Female
26,1223,202055876,Female
26,1223,202152187,Female
26,1224,201882234,Male
26,1224,201375433,Male
26,1225,201880487,Female
26,1225,201842093,Female
26,1226,202054063,Female
26,1226,202016815,Female
26,1227,202134714,Male
26,1228,202117514,Male
27,201,201770885,Male
27,201,202067914,Male
27,202,202011647,Male
27,202,201828953,Male
27,203,202091869,Female
27,203,202064457,Female
27,204,201982158,Male
27,205,201917012,Male
27,205,201930621,Male
27,206,201978094,Female
27,207,201868909,Female
27,208,201837721,Female
27,209,201864042,Female
27,209,201747869,Female
27,210,201947652,Male
27,210,202094987,Male
27,211,201966956,Female
27,211,201970278,Female
27,212,201871668,Male
27,212,202186391,Male
27,213,201882543,Female
27,213,201798584,Female
27,214,201895163,Female
27,214,201829903,Female
27,215,201770335,Male
27,216,201837313,Female
27,216,201892595,Female
27,217,201737618,Female
27,217,201939112,Female
27,218,201913664,Male
27,218,201929298,Male
27,219,201710052,Female
27,220,201886558,Male
27,221,201763782,Female
27,222,201943750,Female
27,223,201796588,Male
27,223,201770134,Male
27,224,201967494,Male
27,225,201877578,Male
27,226,201776170,Female
27,226,202147089,Female
27,227,201722403,Male
27,227,201769450,Male
27,228,201841953,Male
27,228,201899178,Male
27,301,201885891,Male
27,301,201819373,Male
27,302,201829005,Female
27,302,201936740,Female
27,303,201851137,Female
27,303,201854961,Female
27,304,201737468,Female
27,304,201774471,Female
27,305,201947897,Male
27,306,201718769,Male
27,306,201875547,Male
27,307,201873817,Female
27,308,202172497,Male
27,309,201862685,Male
27,309,201886050,Male
27,310,201834149,Female
27,311,201985070,Female
27,312,201778672,Male
27,312,201751881,Male
27,313,201852330,Female
27,314,201744538,Male
27,314,201753618,Male
27,315,202051018,Female
27,315,201911453,Female
27,316,201989862,Male
27,316,201874373,Male
27,317,201846650,Female
27,317,201718933,Female
27,318,202138416,Male
27,318,202124154,Male
27,319,201768337,Male
27,320,201923396,Female
27,321,201762010,Female
27,322,201730076,Female
27,322,201874109,Female
27,323,201917859,Female
27,323,201835409,Female
27,324,201988816,Male
27,325,201935865,Female
27,325,201922334,Female
27,326,201920851,Male
27,326,201918897,Male
27,327,202011175,Male
27,327,202167713,Male
27,328,201835331,Male
27,401,201630255,Female
27,401,201573985,Female
27,402,201858734,Female
27,402,201936713,Female
27,403,201753280,Female
27,403,201742267,Female
27,404,202030761,Female
27,405,201874949,Male
27,405,201818526,Male
27,406,201714674,Female
27,407,201831591,Female
27,407,201848281,Female
27,408,201795970,Male
27,408,201797293,Male
27,409,201976475,Male
27,409,202013221,Male
27,410,201864248,Male
27,410,201868810,Male
27,411,201813151,Male
27,411,201832105,Male
27,412,201798574,Female
27,412,201765273,Female
27,413,201834747,Male
27,413,201893967,Male
27,414,201738266,Male
27,415,201814905,Male
27,416,201668658,Male
27,416,201742670,Male
27,417,201830878,Female
27,417,201826415,Female
27,418,201834888,Female
27,418,201823796,Female
27,419,201723086,Male
27,419,201761827,Male
27,420,201886654,Male
27,420,201710952,Male
27,421,201887957,Female
27,421,201863295,Female
27,422,201766208,Male
27,423,201971885,Female
27,424,201975277,Male
27,425,202025767,Male
27,426,201914511,Male
27,427,201715095,Female
27,427,201830733,Female
27,428,202015658,Female
27,501,201967885,Female
27,501,201965388,Female
27,502,201720782,Male
27,502,201728534,Male
27,503,201813747,Female
27,503,201894480,Female
27,504,201935778,Male
27,504,201996701,Male
27,505,202054383,Male
27,506,201731028,Female
27,506,201730450,Female
27,507,202166872,Female
27,508,201921705,Female
27,508,201837611,Female
27,509,202021868,Male
27,510,201923965,Female
27,510,201843725,Female
27,511,202066491,Male
27,511,202036853,Male
27,512,201979156,Male
27,513,201590091,Male
27,513,201976615,Male
27,514,201790237,Male
27,514,201719635,Male
27,515,201967379,Male
27,515,201868074,Male
27,516,202067525,Female
27,516,201631851,Female
27,517,202029554,Female
27,517,201995193,Female
27,519,201716890,Male
27,519,201879779,Male
27,520,201859158,Male
27,520,201884412,Male
27,521,201883086,Female
27,521,201858796,Female
27,522,201985105,Male
27,522,201962329,Female
27,523,201830174,Female
27,523,201891003,Female
27,524,202072041,Male
27,524,202042565,Male
27,525,202059111,Female
27,526,201734253,Male
27,526,201735769,Male
27,527,202013792,Male
27,528,202088304,Male
27,602,201820402,Male
27,602,201775196,Male
27,603,201587093,Female
27,603,201883993,Female
27,604,201649063,Male
27,605,201832583,Female
27,605,201716952,Female
27,606,201958203,Female
27,606,201851251,Female
27,607,202077063,Female
27,607,201727525,Female
27,608,201580114,Male
27,608,201669945,Male
27,609,201793138,Male
27,609,201811995,Male
27,611,201953246,Female
27,612,201852233,Female
27,613,201822478,Female
27,613,201833703,Female
27,614,201785607,Male
27,614,202073619,Male
27,615,201858931,Female
27,615,201848251,Female
27,616,201913161,Male
27,616,201961570,Male
27,617,201852849,Female
27,617,201888101,Female
27,618,201445326,Male
27,619,201823835,Female
27,619,201776077,Female
27,620,201821393,Female
27,621,201765644,Male
27,621,201793084,Male
27,622,201917560,Male
27,622,201994732,Male
27,623,201862981,Male
27,624,201938853,Male
27,624,201960904,Male
27,625,201840824,Female
27,625,201899068,Female
27,626,201855014,Male
27,626,201871578,Male
27,627,201826758,Female
27,627,201812392,Female
27,628,201953219,Female
27,628,201885623,Female
27,701,202187623,Male
27,701,201842960,Male
27,702,201972446,Female
27,702,201873656,Female
27,703,201871443,Female
27,703,201869052,Female
27,704,201911470,Male
27,705,201727389,Male
27,705,202023056,Male
27,706,201976911,Female
27,706,201819358,Female
27,707,201830947,Female
27,707,201923283,Female
27,708,201693216,Male
27,708,201667289,Male
27,709,201654118,Male
27,709,201614702,Male
27,710,202013791,Female
27,711,201944410,Female
27,711,201550456,Female
27,712,201984630,Female
27,712,201965080,Female
27,713,201946381,Female
27,713,201934289,Female
27,714,201740578,Male
27,714,201738873,Male
27,715,201914618,Female
27,715,202030012,Female
27,716,201777429,Male
27,716,201884744,Male
27,717,201975184,Female
27,718,201736665,Male
27,718,201756074,Male
27,719,201862269,Male
27,719,201849362,Male
27,720,201913399,Male
27,721,201674733,Male
27,721,201779475,Male
27,722,202184515,Female
27,722,201616414,Female
27,723,201972095,Male
27,723,201733948,Male
27,724,201974972,Male
27,724,201969547,Male
27,725,202075550,Male
27,725,201791060,Male
27,727,201815959,Female
27,727,201884521,Female
27,728,201975325,Female
27,728,201959691,Female
27,801,201988315,Female
27,802,201897563,Female
27,802,201891036,Female
27,803,202149065,Female
27,803,201861726,Female
27,804,202087691,Female
27,805,201751630,Male
27,805,201785030,Male
27,806,201735224,Male
27,806,201729043,Male
27,807,202057383,Male
27,808,201832657,Male
27,809,202099254,Female
27,810,201975971,Female
27,811,201814483,Male
27,811,201771216,Male
27,812,201760053,Female
27,812,201712963,Female
27,813,201979655,Female
27,813,202280800,Female
27,814,201954462,Male
27,814,201836507,Male
27,815,201813803,Female
27,815,201842560,Female
27,816,201736394,Male
27,816,201887937,Male
27,817,201940518,Male
27,818,201954262,Male
27,818,201947434,Male
27,819,201941134,Female
27,819,201925655,Female
27,820,201865927,Female
27,821,201747916,Male
27,821,201756706,Male
27,822,201738329,Male
27,822,201732368,Male
27,823,201911281,Female
27,823,201792013,Female
27,824,201988900,Female
27,824,202037946,Female
27,825,201814536,Female
27,825,201865685,Female
27,826,201775330,Male
27,827,201925025,Female
27,827,201937297,Female
27,828,202086798,Female
27,901,201844984,Female
27,901,201893761,Female
27,902,202175565,Female
27,903,202038331,Female
27,903,202013840,Female
27,904,201980726,Female
27,904,201911756,Female
27,905,201895988,Male
27,906,201828334,Male
27,907,201892473,Male
27,907,201848861,Male
27,908,202182960,Male
27,908,202099926,Female
27,909,201972486,Female
27,910,201958441,Female
27,911,201865500,Male
27,911,201844267,Male
27,913,201944695,Female
27,913,201975117,Female
27,914,201512056,Male
27,914,201767607,Male
27,916,201897126,Female
27,916,201865678,Female
27,917,201886154,Female
27,917,202079544,Female
27,918,201945624,Male
27,919,201893576,Female
27,919,202013624,Female
27,920,201931542,Female
27,920,201899710,Female
27,921,201880072,Female
27,921,201916879,Female
27,922,201745007,Female
27,923,202050866,Female
27,925,201888752,Female
27,925,201825223,Female
27,926,201832758,Female
27,926,201894268,Female
27,927,202071073,Male
27,927,201695217,Male
27,928,201848028,Female
27,1001,201831314,Male
27,1001,201731433,Male
27,1002,201832544,Male
27,1002,201831127,Male
27,1003,201898441,Male
27,1003,201865572,Male
27,1004,201737392,Male
27,1005,201917358,Female
27,1005,201789735,Female
27,1006,201985058,Female
27,1007,201868967,Female
27,1008,201976673,Male
27,1008,202043390,Male
27,1009,201964449,Male
27,1009,201983519,Male
27,1010,100007013,Female
27,1010,111111111,Female
27,1011,201815151,Female
27,1012,201849006,Female
27,1012,201834559,Female
27,1013,202025263,Female
27,1013,202095355,Female
27,1014,201865804,Male
27,1014,201885671,Male
27,1015,201852576,Male
27,1015,201822977,Male
27,1016,202141070,Male
27,1016,201842554,Male
27,1017,201978657,Female
27,1017,201912692,Female
27,1018,201862144,Female
27,1019,201867038,Female
27,1019,201819020,Female
27,1020,201818463,Female
27,1020,201841900,Female
27,1021,201796012,Female
27,1021,201794129,Female
27,1022,202182008,Male
27,1023,201717065,Female
27,1023,201952450,Female
27,1024,201761790,Male
27,1024,201846510,Male
27,1025,201856827,Female
27,1025,201918500,Female
27,1026,201798207,Male
27,1026,201731258,Male
27,1027,201890404,Female
27,1027,201934145,Female
27,1028,201848006,Male
27,1028,202117823,Male
27,1101,201913939,Female
27,1101,202024127,Female
27,1102,201813886,Female
27,1103,201769983,Male
27,1103,201792467,Female
27,1104,201979007,Female
27,1105,201632470,Male
27,1105,201852935,Female
27,1106,202028103,Male
27,1106,202035268,Male
27,1107,201896635,Female
27,1107,201791726,Female
27,1108,201746782,Female
27,1108,201849061,Female
27,1109,202079416,Male
27,1109,202066933,Male
27,1110,202051619,Male
27,1111,201932042,Female
27,1111,201867688,Female
27,1112,202099462,Female
27,1112,202081645,Female
27,1113,201876705,Male
27,1113,201866876,Male
27,1114,201757686,Female
27,1114,201972415,Female
27,1115,201832625,Male
27,1115,201876378,Male
27,1116,201898425,Male
27,1116,201710559,Male
27,1117,201873629,Female
27,1117,201814892,Female
27,1118,202069036,Male
27,1118,202040934,Male
27,1119,201849850,Female
27,1121,201996898,Male
27,1122,201688168,Female
27,1123,201890865,Female
27,1124,202134126,Female
27,1124,202163073,Female
27,1125,201711955,Female
27,1126,201740077,Female
27,1126,201857955,Female
27,1127,202194944,Female
27,1127,201543519,Female
27,1128,201926662,Female
27,1128,201792262,Female
27,1201,201792817,Male
27,1201,201752175,Male
27,1202,202062237,Male
27,1202,202164059,Male
27,1203,201817569,Male
27,1204,201830703,Female
27,1205,201917297,Male
27,1205,201796513,Male
27,1206,202019918,Male
27,1207,201867421,Male
27,1207,201738642,Male
27,1208,201885557,Female
27,1209,201861914,Female
27,1210,201862579,Male
27,1210,201820393,Male
27,1211,201976777,Female
27,1212,201714566,Male
27,1212,202213776,Male
27,1213,202070203,Female
27,1214,201657891,Male
27,1214,201512745,Male
27,1215,201974803,Female
27,1216,201798599,Male
27,1216,201735639,Male
27,1217,202197029,Female
27,1218,201912589,Female
27,1218,201992462,Female
27,1219,201786509,Male
27,1220,202066990,Male
27,1221,201621638,Male
27,1221,201571575,Male
27,1224,202181746,Male
27,1224,201776080,Male
27,1225,201848504,Male
27,1225,201845114,Male
27,1226,202071599,Male
27,1227,201938321,Male
27,1227,201550642,Male
27,1228,202194337,Male
27,1228,202178708,Male
